Prime numbers:
    2 ,     3 ,     5 ,     7 ,    11 ,    13 ,    17 ,    19 , 
   23 ,    29 ,    31 ,    37 ,    41 ,    43 ,    47 ,    53 , 
   59 ,    61 ,    67 ,    71 ,    73 ,    79 ,    83 ,    89 , 
   97 ,   101 ,   103 ,   107 ,   109 ,   113 ,   127 ,   131 , 
  137 ,   139 ,   149 ,   151 ,   157 ,   163 ,   167 ,   173 , 
  179 ,   181 ,   191 ,   193 ,   197 ,   199 ,   211 ,   223 , 
  227 ,   229 ,   233 ,   239 ,   241 ,   251 ,   257 ,   263 , 
  269 ,   271 ,   277 ,   281 ,   283 ,   293 ,   307 ,   311 , 
  313 ,   317 ,   331 ,   337 ,   347 ,   349 ,   353 ,   359 , 
  367 ,   373 ,   379 ,   383 ,   389 ,   397 ,   401 ,   409 , 
  419 ,   421 ,   431 ,   433 ,   439 ,   443 ,   449 ,   457 , 
  461 ,   463 ,   467 ,   479 ,   487 ,   491 ,   499 ,   503 , 
  509 ,   521 ,   523 ,   541 ,   547 ,   557 ,   563 ,   569 , 
  571 ,   577 ,   587 ,   593 ,   599 ,   601 ,   607 ,   613 , 
  617 ,   619 ,   631 ,   641 ,   643 ,   647 ,   653 ,   659 , 
  661 ,   673 ,   677 ,   683 ,   691 ,   701 ,   709 ,   719 , 
  727 ,   733 ,   739 ,   743 ,   751 ,   757 ,   761 ,   769 , 
  773 ,   787 ,   797 ,   809 ,   811 ,   821 ,   823 ,   827 , 
  829 ,   839 ,   853 ,   857 ,   859 ,   863 ,   877 ,   881 , 
  883 ,   887 ,   907 ,   911 ,   919 ,   929 ,   937 ,   941 , 
  947 ,   953 ,   967 ,   971 ,   977 ,   983 ,   991 ,   997 , 
 1009 ,  1013 ,  1019 ,  1021 ,  1031 ,  1033 ,  1039 ,  1049 , 
 1051 ,  1061 ,  1063 ,  1069 ,  1087 ,  1091 ,  1093 ,  1097 , 
 1103 ,  1109 ,  1117 ,  1123 ,  1129 ,  1151 ,  1153 ,  1163 , 
 1171 ,  1181 ,  1187 ,  1193 ,  1201 ,  1213 ,  1217 ,  1223 , 
 1229 ,  1231 ,  1237 ,  1249 ,  1259 ,  1277 ,  1279 ,  1283 , 
 1289 ,  1291 ,  1297 ,  1301 ,  1303 ,  1307 ,  1319 ,  1321 , 
 1327 ,  1361 ,  1367 ,  1373 ,  1381 ,  1399 ,  1409 ,  1423 , 
 1427 ,  1429 ,  1433 ,  1439 ,  1447 ,  1451 ,  1453 ,  1459 , 
 1471 ,  1481 ,  1483 ,  1487 ,  1489 ,  1493 ,  1499 ,  1511 , 
 1523 ,  1531 ,  1543 , 10007 ,  1549 ,  1553 ,  1559 , 10009 , 
 1567 ,  1571 ,  1579 ,  1583 ,  1597 ,  1601 ,  1607 ,  1609 , 
 1613 ,  1619 ,  1621 , 10037 ,  1627 , 10039 ,  1637 ,  1657 , 
 1663 , 10061 ,  1667 ,  1669 , 10067 ,  1693 , 10069 ,  1697 , 
 1699 ,  1709 , 10079 ,  1721 ,  1723 ,  1733 , 10091 ,  1741 , 
 1747 ,  1753 , 10093 ,  1759 ,  1777 , 10099 ,  1783 ,  1787 , 
 1789 , 10103 ,  1801 ,  1811 , 10111 ,  1823 ,  1831 ,  1847 , 
 1861 , 10133 ,  1867 ,  1871 ,  1873 , 10139 ,  1877 , 10141 , 
 1879 ,  1889 ,  1901 ,  1907 , 10151 ,  1913 , 10159 ,  1931 , 
 1933 , 10163 ,  1949 ,  1951 , 10169 ,  1973 , 10177 ,  1979 , 
 1987 ,  1993 ,  1997 ,  1999 ,  2003 , 10181 ,  2011 ,  2017 , 
 2027 ,  2029 , 10193 ,  2039 ,  2053 ,  2063 ,  2069 ,  2081 , 
 2083 , 10211 ,  2087 ,  2089 ,  2099 , 10223 ,  2111 ,  2113 , 
 2129 ,  2131 ,  2137 ,  2141 , 10243 ,  2143 , 10247 ,  2153 , 
 2161 , 10253 ,  2179 , 10259 ,  2203 ,  2207 , 10267 ,  2213 , 
 2221 ,  2237 , 10271 ,  2239 ,  2243 , 10273 ,  2251 ,  2267 , 
 2269 ,  2273 , 10289 ,  2281 ,  2287 ,  2293 ,  2297 ,  2309 , 
10301 ,  2311 , 10303 ,  2333 , 10313 ,  2339 ,  2341 , 10321 , 
 2347 ,  2351 ,  2357 , 10331 ,  2371 , 10333 ,  2377 , 10337 , 
 2381 ,  2383 ,  2389 ,  2393 ,  2399 , 10343 ,  2411 ,  2417 , 
 2423 ,  2437 ,  2441 , 10357 ,  2447 ,  2459 ,  2467 ,  2473 , 
 2477 , 10369 ,  2503 ,  2521 , 10391 ,  2531 ,  2539 ,  2543 , 
10399 ,  2549 ,  2551 ,  2557 ,  2579 ,  2591 , 10427 ,  2593 , 
 2609 , 10429 ,  2617 ,  2621 , 10433 ,  2633 ,  2647 ,  2657 , 
 2659 ,  2663 , 10453 ,  2671 ,  2677 ,  2683 , 10457 ,  2687 , 
 2689 , 10459 ,  2693 ,  2699 ,  2707 , 10463 ,  2711 ,  2713 , 
 2719 ,  2729 ,  2731 ,  2741 , 10477 ,  2749 ,  2753 ,  2767 , 
10487 ,  2777 ,  2789 ,  2791 , 10499 ,  2797 ,  2801 , 10501 , 
 2803 , 10513 ,  2819 ,  2833 , 10529 ,  2837 , 10531 ,  2843 , 
 2851 ,  2857 ,  2861 , 10559 ,  2879 , 10567 ,  2887 ,  2897 , 
 2903 ,  2909 , 10589 ,  2917 , 10597 ,  2927 , 10601 ,  2939 , 
 2953 , 10607 ,  2957 ,  2963 ,  2969 , 10613 ,  2971 , 10627 , 
 2999 ,  3001 , 10631 ,  3011 , 10639 ,  3019 ,  3023 ,  3037 , 
10651 ,  3041 ,  3049 , 10657 ,  3061 , 10663 ,  3067 , 10667 , 
 3079 ,  3083 ,  3089 , 20011 , 10687 ,  3109 , 10691 , 20021 , 
 3119 ,  3121 , 20023 , 10709 , 10711 , 20029 ,  3137 , 10723 , 
20047 , 10729 , 20051 , 10733 ,  3163 ,  3167 , 20063 ,  3169 , 
10739 ,  3181 , 20071 ,  3187 ,  3191 , 10753 ,  3203 , 20089 , 
 3209 , 10771 ,  3217 , 10781 ,  3221 , 20101 , 10789 , 20107 , 
 3229 , 10799 , 20113 , 20117 ,  3251 , 20123 ,  3253 ,  3257 , 
10831 , 20129 ,  3259 , 10837 , 20143 , 10847 ,  3271 , 10853 , 
20147 , 10859 , 10861 , 20149 ,  3299 , 10867 ,  3301 ,  3307 , 
20161 ,  3313 ,  3319 , 20173 ,  3323 , 10883 ,  3329 , 20177 , 
 3331 , 10889 , 10891 , 20183 ,  3343 , 10903 ,  3347 , 20201 , 
10909 ,  3359 ,  3361 ,  3371 ,  3373 , 20219 ,  3389 ,  3391 , 
10937 , 20231 , 10939 ,  3407 ,  3413 , 20233 , 10949 ,  3433 , 
20249 ,  3449 ,  3457 ,  3461 ,  3463 ,  3467 , 10957 ,  3469 , 
 3491 , 10973 ,  3499 , 10979 ,  3511 ,  3517 ,  3527 , 10987 , 
 3529 ,  3533 , 10993 ,  3539 ,  3541 , 11003 ,  3547 ,  3557 , 
 3559 , 20261 ,  3571 ,  3581 , 11027 , 20269 ,  3583 , 20287 , 
11047 ,  3593 , 20297 , 11057 ,  3607 , 11059 ,  3613 , 11069 , 
 3617 , 20323 , 11071 ,  3623 , 20327 , 11083 ,  3631 , 20333 , 
 3637 , 11087 ,  3643 , 11093 , 20341 ,  3659 , 20347 ,  3671 , 
11113 ,  3673 , 11117 ,  3677 , 11119 , 20353 ,  3691 , 11131 , 
 3697 , 20357 ,  3701 , 20359 ,  3709 , 11149 , 20369 ,  3719 , 
11159 ,  3727 , 11161 ,  3733 , 20389 , 11171 ,  3739 , 20393 , 
11173 , 20399 , 11177 ,  3761 , 20407 ,  3767 , 20411 , 11197 , 
 3769 ,  3779 , 11213 , 20431 ,  3793 ,  3797 ,  3803 , 11239 , 
20441 , 11243 ,  3821 , 20443 , 11251 ,  3823 , 11257 , 11261 , 
 3833 , 20477 , 11273 , 20479 , 20483 ,  3847 , 11279 , 11287 , 
 3851 ,  3853 , 20507 , 11299 ,  3863 , 20509 , 11311 ,  3877 , 
 3881 , 11317 , 20521 ,  3889 , 11321 , 20533 , 11329 ,  3907 , 
20543 , 11351 ,  3911 , 20549 , 11353 , 20551 ,  3917 , 11369 , 
 3919 , 20563 ,  3923 , 11383 ,  3929 ,  3931 , 11393 ,  3943 , 
11399 ,  3947 , 20593 , 11411 , 20599 ,  3967 , 11423 , 11437 , 
20611 ,  3989 , 11443 ,  4001 , 11447 ,  4003 , 20627 ,  4007 , 
11467 , 20639 , 11471 ,  4013 , 11483 , 20641 , 11489 ,  4019 , 
11491 ,  4021 , 11497 , 20663 ,  4027 , 11503 , 20681 ,  4049 , 
11519 , 11527 ,  4051 ,  4057 , 20693 , 11549 ,  4073 , 11551 , 
 4079 , 20707 ,  4091 , 11579 ,  4093 , 20717 , 11587 , 20719 , 
 4099 , 11593 , 11597 , 20731 ,  4111 , 11617 ,  4127 , 11621 , 
20743 ,  4129 , 11633 , 20747 ,  4133 , 20749 ,  4139 , 20753 , 
 4153 , 11657 ,  4157 , 20759 ,  4159 , 20771 , 11677 ,  4177 , 
11681 , 20773 , 11689 , 11699 ,  4201 , 11701 , 20789 ,  4211 , 
11717 ,  4217 , 11719 ,  4219 , 11731 ,  4229 , 20807 , 20809 , 
11743 ,  4231 ,  4241 ,  4243 , 11777 ,  4253 , 11779 ,  4259 , 
11783 ,  4261 , 20849 , 11789 ,  4271 ,  4273 , 20857 , 11801 , 
 4283 , 11807 ,  4289 , 11813 , 20873 , 11821 ,  4297 , 20879 , 
11827 , 11831 , 20887 , 11833 , 11839 , 20897 ,  4327 , 20899 , 
11863 ,  4337 , 11867 ,  4339 , 20903 , 20921 ,  4349 , 11887 , 
 4357 , 11897 , 20929 ,  4363 ,  4373 , 11903 , 11909 , 20939 , 
 4391 , 11923 ,  4397 , 20947 , 11927 ,  4409 , 11933 , 20959 , 
 4421 ,  4423 , 11939 , 11941 , 20963 ,  4441 , 11953 ,  4447 , 
20981 , 40009 , 11959 ,  4451 , 20983 , 11969 , 40013 ,  4457 , 
11971 ,  4463 , 11981 , 21001 , 40031 ,  4481 , 11987 , 21011 , 
 4483 , 40037 , 21013 ,  4493 , 12007 , 40039 , 12011 , 21017 , 
 4507 , 21019 ,  4513 ,  4517 , 21023 ,  4519 , 12037 , 21031 , 
12041 , 40063 ,  4523 , 12043 , 12049 ,  4547 ,  4549 , 21059 , 
12071 ,  4561 , 12073 , 21061 , 40087 ,  4567 , 12097 , 21067 , 
 4583 ,  4591 , 40093 ,  4597 , 12101 ,  4603 , 21089 , 40099 , 
 4621 , 12107 , 21101 , 12109 ,  4637 , 40111 ,  4639 , 12113 , 
 4643 ,  4649 , 40123 ,  4651 ,  4657 , 12119 , 21107 ,  4663 , 
 4673 , 40127 ,  4679 , 21121 , 12143 , 40129 ,  4691 , 12149 , 
21139 , 12157 ,  4703 , 12161 , 21143 , 12163 , 21149 , 40151 , 
 4721 ,  4723 ,  4729 ,  4733 ,  4751 ,  4759 ,  4783 ,  4787 , 
 4789 ,  4793 ,  4799 ,  4801 ,  4813 ,  4817 ,  4831 , 21157 , 
 4861 ,  4871 ,  4877 ,  4889 ,  4903 ,  4909 ,  4919 ,  4931 , 
 4933 ,  4937 ,  4943 ,  4951 ,  4957 , 21163 ,  4967 ,  4969 , 
21169 ,  4973 ,  4987 , 21179 ,  4993 ,  4999 , 21187 ,  5003 , 
 5009 , 21191 ,  5011 , 21193 ,  5021 ,  5023 ,  5039 , 21211 , 
 5051 , 21221 ,  5059 , 21227 ,  5077 ,  5081 , 40153 ,  5087 , 
21247 ,  5099 ,  5101 ,  5107 ,  5113 ,  5119 ,  5147 ,  5153 , 
 5167 ,  5171 ,  5179 ,  5189 ,  5197 ,  5209 , 40163 ,  5227 , 
 5231 , 21269 ,  5233 ,  5237 , 40169 , 21277 , 21283 ,  5261 , 
40177 ,  5273 ,  5279 , 40189 ,  5281 , 40193 , 21313 ,  5297 , 
 5303 , 21317 , 12197 , 40213 , 21319 , 21323 , 12203 ,  5309 , 
40231 , 12211 ,  5323 , 40237 , 21341 , 40241 ,  5333 , 12227 , 
21347 ,  5347 , 40253 ,  5351 , 12239 , 12241 , 21377 , 12251 , 
 5381 , 21379 , 12253 , 21383 ,  5387 , 40277 ,  5393 , 12263 , 
21391 , 12269 ,  5399 , 21397 ,  5407 , 12277 , 21401 ,  5413 , 
40283 , 12281 , 21407 ,  5417 , 12289 , 21419 ,  5419 , 40289 , 
12301 ,  5431 , 21433 ,  5437 ,  5441 ,  5443 , 12323 ,  5449 , 
12329 , 12343 ,  5471 , 21467 , 12347 ,  5477 , 40343 ,  5479 , 
21481 ,  5483 , 21487 ,  5501 , 40351 , 12373 ,  5503 , 21491 , 
 5507 , 12377 , 40357 , 21493 , 12379 , 40361 , 21499 , 21503 , 
21517 , 21521 , 40387 , 21523 , 21529 , 40423 , 40427 , 21557 , 
21559 , 40429 , 21563 , 40433 , 21569 , 21577 , 40459 , 21587 , 
40471 , 21589 , 40483 , 21599 , 21601 , 40487 , 21611 , 30011 , 
21613 , 40493 , 21617 , 30013 , 40499 , 30029 , 21647 , 40507 , 
21649 , 40519 , 30047 , 12391 , 21661 , 40529 , 12401 , 40531 , 
21673 , 30059 , 12409 , 21683 , 12413 , 30071 , 40543 , 12421 , 
21701 , 12433 , 30089 , 21713 , 12437 , 40559 , 21727 , 12451 , 
30091 , 12457 , 40577 , 21737 , 12473 , 30097 , 21739 , 40583 , 
12479 , 30103 , 21751 , 40591 , 12487 , 30109 , 12491 , 40597 , 
21757 , 30113 , 40609 , 30119 , 12497 , 21767 , 30133 , 12503 , 
21773 , 40627 , 30137 , 12511 , 12517 , 30139 , 21787 , 12527 , 
40637 , 21799 , 30161 , 12539 , 40639 , 21803 , 12541 , 12547 , 
30169 , 12553 , 21817 , 21821 , 30181 , 12569 , 40693 , 30187 , 
12577 , 40697 , 21839 , 12583 , 30197 , 40699 , 12589 , 30203 , 
21841 , 12601 , 30211 , 40709 , 12611 , 21851 , 12613 , 30223 , 
21859 , 12619 , 21863 , 12637 , 21871 , 30241 , 40739 , 12641 , 
30253 , 21881 , 12647 , 40751 , 12653 , 30259 , 21893 , 12659 , 
40759 , 30269 , 12671 , 21911 , 40763 , 30271 , 12689 , 21929 , 
40771 , 12697 , 21937 , 12703 , 30293 , 21943 , 40787 , 12713 , 
40801 , 12721 , 30307 , 21961 , 12739 , 30313 , 12743 , 40813 , 
21977 , 12757 , 40819 , 30319 , 40823 , 12763 , 21991 , 30323 , 
40829 , 21997 , 22003 , 12781 , 40841 , 30341 , 12791 , 22013 , 
40847 , 12799 , 30347 , 12809 , 22027 , 40849 , 22031 , 12821 , 
30367 , 22037 , 40853 , 12823 , 40867 , 30389 , 22039 , 12829 , 
22051 , 30391 , 40879 , 12841 , 22063 , 40883 , 22067 , 30403 , 
12853 , 22073 , 40897 , 22079 , 30427 , 12889 , 30431 , 22091 , 
40903 , 12893 , 22093 , 12899 , 30449 , 12907 , 22109 , 12911 , 
22111 , 30467 , 12917 , 40927 , 12919 , 30469 , 12923 , 22123 , 
40933 , 12941 , 30491 , 22129 , 40939 , 12953 , 30493 , 12959 , 
22133 , 40949 , 30497 , 12967 , 22147 , 12973 , 30509 , 40961 , 
22153 , 12979 , 30517 , 22157 , 12983 , 22159 , 40973 , 30529 , 
22171 , 13001 , 30539 , 13003 , 22189 , 13007 , 22193 , 13009 , 
30553 , 40993 , 30557 , 13033 , 22229 , 13037 , 41011 , 30559 , 
13043 , 22247 , 41017 , 13049 , 30577 , 22259 , 41023 , 13063 , 
22271 , 30593 , 41039 , 22273 , 13093 , 22277 , 41047 , 13099 , 
22279 , 41051 , 13103 , 22283 , 13109 , 41057 , 22291 , 13121 , 
22303 , 41077 , 13127 , 30631 , 22307 , 41081 , 13147 , 30637 , 
13151 , 30643 , 13159 , 13163 , 30649 , 41113 , 22343 , 13171 , 
30661 , 13177 , 41117 , 22349 , 13183 , 30671 , 13187 , 41131 , 
30677 , 22367 , 41141 , 22369 , 30689 , 41143 , 13217 , 22381 , 
30697 , 13219 , 41149 , 22391 , 13229 , 30703 , 22397 , 30707 , 
41161 , 13241 , 22409 , 13249 , 41177 , 30713 , 13259 , 41179 , 
22433 , 13267 , 30727 , 41183 , 22441 , 22447 , 41189 , 13291 , 
22453 , 13297 , 41201 , 30757 , 22469 , 41203 , 13309 , 30763 , 
22481 , 13313 , 41213 , 22483 , 13327 , 30773 , 41221 , 13331 , 
30781 , 13337 , 22501 , 41227 , 13339 , 30803 , 22511 , 41231 , 
13367 , 30809 , 41233 , 13381 , 30817 , 22531 , 41243 , 13397 , 
22541 , 30829 , 13399 , 22543 , 41257 , 30839 , 13411 , 22549 , 
30841 , 41263 , 13417 , 13421 , 22567 , 41269 , 30851 , 22571 , 
30853 , 13441 , 22573 , 41281 , 13451 , 30859 , 13457 , 30869 , 
13463 , 41299 , 30871 , 22613 , 13469 , 30881 , 13477 , 22619 , 
22621 , 13487 , 30893 , 22637 , 41333 , 30911 , 22639 , 13499 , 
41341 , 22643 , 22651 , 13513 , 30931 , 41351 , 13523 , 30937 , 
41357 , 30941 , 22669 , 13537 , 22679 , 41381 , 13553 , 30949 , 
22691 , 41387 , 13567 , 22697 , 41389 , 22699 , 13577 , 30971 , 
41399 , 22709 , 30977 , 22717 , 41411 , 30983 , 22721 , 13591 , 
41413 , 22727 , 13597 , 31013 , 13613 , 41443 , 22739 , 31019 , 
13619 , 41453 , 22741 , 13627 , 31033 , 41467 , 22751 , 13633 , 
31039 , 13649 , 41479 , 22769 , 31051 , 13669 , 22777 , 41491 , 
31063 , 13679 , 13681 , 22783 , 31069 , 41507 , 13687 , 22787 , 
13691 , 31079 , 41513 , 13693 , 31081 , 13697 , 41519 , 22807 , 
31091 , 13709 , 41521 , 22811 , 13711 , 31121 , 22817 , 13721 , 
31123 , 41539 , 13723 , 13729 , 41543 , 22853 , 31139 , 13751 , 
22859 , 41549 , 13757 , 22861 , 31147 , 13759 , 13763 , 22871 , 
31151 , 13781 , 22877 , 41579 , 13789 , 31153 , 13799 , 31159 , 
41593 , 22901 , 31177 , 31181 , 22907 , 31183 , 31189 , 22921 , 
31193 , 22937 , 22943 , 31219 , 31223 , 41597 , 22961 , 31231 , 
41603 , 22963 , 31237 , 41609 , 22973 , 41611 , 31247 , 41617 , 
31249 , 22993 , 41621 , 31253 , 23003 , 41627 , 31259 , 23011 , 
41641 , 13807 , 41647 , 31267 , 23017 , 31271 , 41651 , 23021 , 
31277 , 13829 , 41659 , 23027 , 13831 , 23029 , 41669 , 31307 , 
13841 , 23039 , 41681 , 23041 , 41687 , 13859 , 23053 , 31319 , 
23057 , 31321 , 13873 , 23059 , 13877 , 31327 , 23063 , 13879 , 
31333 , 13883 , 41719 , 31337 , 23071 , 41729 , 13901 , 13903 , 
23081 , 31357 , 41737 , 13907 , 23087 , 13913 , 23099 , 13921 , 
41759 , 31379 , 13931 , 23117 , 41761 , 31387 , 13933 , 31391 , 
41771 , 23131 , 31393 , 41777 , 31397 , 13963 , 23143 , 41801 , 
13967 , 41809 , 23159 , 41813 , 23167 , 13997 , 23173 , 13999 , 
14009 , 23189 , 41843 , 14011 , 31469 , 23197 , 41849 , 31477 , 
23201 , 14029 , 41851 , 23203 , 14033 , 23209 , 31481 , 41863 , 
14051 , 23227 , 14057 , 31489 , 23251 , 41879 , 14071 , 41887 , 
23269 , 14081 , 31511 , 14083 , 23279 , 31513 , 14087 , 41893 , 
23291 , 31517 , 41897 , 23293 , 14107 , 23297 , 41903 , 31531 , 
23311 , 41911 , 31541 , 23321 , 31543 , 14143 , 23327 , 41927 , 
14149 , 31547 , 23333 , 14153 , 41941 , 23339 , 14159 , 31567 , 
41947 , 23357 , 14173 , 41953 , 31573 , 14177 , 41957 , 31583 , 
23369 , 14197 , 31601 , 41959 , 23371 , 14207 , 31607 , 41969 , 
14221 , 23399 , 41981 , 31627 , 14243 , 23417 , 41983 , 14249 , 
31643 , 14251 , 23431 , 31649 , 41999 , 23447 , 14281 , 31657 , 
14293 , 42013 , 31663 , 23459 , 14303 , 31667 , 42017 , 23473 , 
14321 , 42019 , 31687 , 14323 , 42023 , 14327 , 23497 , 31699 , 
14341 , 23509 , 42043 , 14347 , 31721 , 31723 , 23531 , 31727 , 
14369 , 42061 , 31729 , 23537 , 42071 , 31741 , 14387 , 23539 , 
42073 , 14389 , 31751 , 23549 , 42083 , 14401 , 23557 , 14407 , 
42089 , 23561 , 14411 , 31769 , 42101 , 14419 , 23563 , 14423 , 
31771 , 23567 , 14431 , 23581 , 42131 , 14437 , 14447 , 31793 , 
23593 , 14449 , 42139 , 31799 , 23599 , 14461 , 23603 , 31817 , 
42157 , 14479 , 23609 , 14489 , 31847 , 42169 , 23623 , 14503 , 
31849 , 23627 , 23629 , 42179 , 14519 , 31859 , 23633 , 42181 , 
14533 , 14537 , 42187 , 31873 , 14543 , 23663 , 42193 , 14549 , 
14551 , 23669 , 42197 , 14557 , 23671 , 14561 , 23677 , 31883 , 
42209 , 23687 , 14563 , 23689 , 42221 , 31891 , 14591 , 14593 , 
42223 , 42227 , 31907 , 14621 , 23719 , 14627 , 14629 , 42239 , 
14633 , 23741 , 14639 , 23743 , 42257 , 23747 , 14653 , 31957 , 
23753 , 14657 , 42281 , 23761 , 31963 , 23767 , 14669 , 31973 , 
42283 , 23773 , 14683 , 42293 , 31981 , 23789 , 14699 , 42299 , 
31991 , 23801 , 42307 , 14713 , 32003 , 23813 , 14717 , 32009 , 
23819 ,  5519 , 23827 , 23831 , 23833 , 23857 ,  5521 ,  5527 , 
 5531 , 23869 , 23873 ,  5557 , 23879 ,  5563 ,  5569 , 23887 , 
 5573 , 42323 , 23893 ,  5581 , 23899 ,  5591 , 23909 , 23911 , 
14723 ,  5623 , 23917 ,  5639 , 14731 ,  5641 , 14737 ,  5647 , 
23929 ,  5651 , 42331 , 14741 ,  5653 ,  5657 , 14747 , 42337 , 
 5659 , 14753 ,  5669 , 23957 , 14759 , 42349 ,  5683 , 23971 , 
 5689 , 14767 , 42359 ,  5693 , 23977 ,  5701 , 14771 , 23981 , 
42373 ,  5711 , 14779 ,  5717 , 23993 , 14783 , 42379 ,  5737 , 
14797 ,  5741 , 42391 , 24001 ,  5743 ,  5749 , 24007 , 42397 , 
14813 , 24019 , 14821 ,  5779 , 42403 , 14827 ,  5783 , 14831 , 
24023 ,  5791 , 42407 , 14843 , 24029 , 14851 ,  5801 , 24043 , 
42409 ,  5807 , 14867 ,  5813 , 14869 , 24049 ,  5821 , 42433 , 
 5827 , 14879 ,  5839 , 42437 , 24061 ,  5843 , 14887 ,  5849 , 
14891 , 42443 , 24071 , 14897 ,  5851 , 24077 , 42451 ,  5857 , 
24083 ,  5861 , 14923 , 42457 , 14929 , 24091 ,  5867 , 24097 , 
 5869 , 14939 , 42461 , 24103 ,  5879 , 24107 , 14947 , 42463 , 
 5881 , 14951 , 24109 ,  5897 , 14957 ,  5903 , 24113 , 14969 , 
 5923 ,  5927 ,  5939 , 14983 ,  5953 , 15013 ,  5981 , 15017 , 
 5987 , 15031 ,  6007 ,  6011 ,  6029 , 15053 ,  6037 ,  6043 , 
15061 ,  6047 , 15073 ,  6053 , 15077 , 15083 ,  6067 , 15091 , 
 6073 , 15101 ,  6079 , 15107 , 24121 ,  6089 ,  6091 , 15121 , 
 6101 , 24133 , 15131 , 24137 ,  6113 , 15137 , 15139 ,  6121 , 
15149 , 24151 ,  6131 ,  6133 , 15161 ,  6143 ,  6151 , 15173 , 
24169 ,  6163 , 15187 , 42467 ,  6173 , 24179 , 15193 , 42473 , 
24181 ,  6197 , 24197 , 15199 ,  6199 , 24203 ,  6203 , 42487 , 
 6211 ,  6217 , 42491 , 15217 ,  6221 , 24223 ,  6229 , 15227 , 
42499 , 24229 ,  6247 , 15233 , 24239 , 42509 ,  6257 ,  6263 , 
15241 ,  6269 , 24247 ,  6271 , 24251 ,  6277 , 42533 , 15259 , 
 6287 , 15263 ,  6299 , 15269 ,  6301 , 24281 , 15271 ,  6311 , 
42557 , 15277 ,  6317 , 15287 , 15289 , 42569 , 24317 ,  6323 , 
 6329 , 15299 , 42571 ,  6337 , 24329 , 15307 ,  6343 , 42577 , 
24337 ,  6353 , 15313 ,  6359 ,  6361 , 15319 , 42589 ,  6367 , 
15329 , 24359 ,  6373 ,  6379 , 15331 ,  6389 , 24371 ,  6397 , 
24373 , 42611 , 24379 ,  6421 , 15349 ,  6427 , 24391 , 15359 , 
 6449 , 15361 , 42641 , 24407 ,  6451 , 15373 , 24413 ,  6469 , 
15377 ,  6473 , 24419 , 42643 , 24421 , 15383 ,  6481 , 15391 , 
24439 , 42649 ,  6491 , 24443 , 15401 , 42667 , 15413 ,  6521 , 
24469 , 15427 ,  6529 , 24473 , 42677 , 24481 , 15439 ,  6547 , 
42683 ,  6551 , 15443 ,  6553 , 42689 , 24499 ,  6563 ,  6569 , 
15451 ,  6571 , 42697 ,  6577 , 15461 , 24509 ,  6581 , 15467 , 
42701 ,  6599 , 24517 , 15473 ,  6607 , 42703 ,  6619 , 24527 , 
42709 , 15493 ,  6637 , 24533 , 42719 , 15497 ,  6653 , 24547 , 
 6659 , 42727 ,  6661 , 24551 , 15511 ,  6673 ,  6679 , 42737 , 
15527 , 24571 ,  6689 ,  6691 , 42743 ,  6701 , 15541 ,  6703 , 
42751 , 15551 , 24593 ,  6709 ,  6719 , 42767 ,  6733 , 24611 , 
15559 ,  6737 , 42773 ,  6761 , 15569 , 24623 ,  6763 , 24631 , 
42787 ,  6779 , 15581 ,  6781 , 42793 , 15583 ,  6791 ,  6793 , 
15601 , 24659 , 42797 , 15607 ,  6803 , 24671 , 15619 , 24677 , 
 6823 , 15629 , 24683 ,  6827 , 42821 , 15641 ,  6829 , 24691 , 
15643 ,  6833 , 15647 , 42829 , 24697 ,  6841 , 15649 , 42839 , 
 6857 , 15661 , 24709 , 42841 , 15667 ,  6863 , 15671 ,  6869 , 
42853 , 15679 ,  6871 , 15683 , 24733 ,  6883 , 42859 , 42863 , 
 6899 , 24749 ,  6907 , 15727 ,  6911 , 24763 , 15731 ,  6917 , 
24767 , 15733 , 15737 ,  6947 , 24781 , 42899 ,  6949 , 15739 , 
24793 , 42901 ,  6959 , 15749 ,  6961 , 24799 , 15761 ,  6967 , 
 6971 , 15767 , 42923 , 24809 , 15773 ,  6977 , 42929 , 15787 , 
 6983 , 24821 , 42937 , 15791 ,  6991 ,  6997 , 15797 , 42943 , 
 7001 , 15803 , 24841 ,  7013 , 15809 ,  7019 , 24847 , 15817 , 
42953 , 24851 ,  7027 , 15823 , 24859 ,  7039 , 42961 ,  7043 , 
24877 ,  7057 , 42967 , 15859 ,  7069 ,  7079 , 42979 , 24889 , 
15877 , 42989 , 15881 ,  7103 , 24907 ,  7109 , 15887 ,  7121 , 
15889 , 24917 , 43003 , 15901 , 24919 ,  7127 , 15907 , 24923 , 
15913 , 43013 ,  7129 , 15919 , 15923 , 43019 , 24943 ,  7151 , 
15937 , 43037 , 24953 ,  7159 , 15959 , 43049 , 24967 , 15971 , 
 7177 , 43051 , 15973 , 24971 ,  7187 , 24977 , 15991 , 43063 , 
 7193 , 24979 , 16001 ,  7207 , 43067 , 16007 , 24989 ,  7211 , 
 7213 , 43093 , 16033 ,  7219 , 25013 ,  7229 , 16057 , 43103 , 
 7237 , 25031 , 16061 ,  7243 , 43117 ,  7247 , 25033 ,  7253 , 
16063 , 25037 , 43133 , 16067 ,  7283 , 16069 , 25057 , 16073 , 
 7297 , 43151 , 25073 ,  7307 , 16087 , 25087 ,  7309 , 43159 , 
16091 , 25097 , 16097 ,  7321 , 43177 , 16103 ,  7331 , 25111 , 
 7333 , 25117 , 16111 , 43189 ,  7349 , 25121 ,  7351 , 25127 , 
43201 ,  7369 , 16127 , 43207 , 25147 , 43223 , 16139 ,  7393 , 
25153 , 16141 , 43237 ,  7411 , 25163 ,  7417 , 25169 ,  7433 , 
25171 , 16183 ,  7451 , 43261 , 25183 , 16187 ,  7457 ,  7459 , 
16189 , 43271 , 25189 , 16193 ,  7477 ,  7481 ,  7487 ,  7489 , 
43283 , 16217 , 25219 ,  7499 , 16223 ,  7507 , 43291 , 16229 , 
 7517 , 25229 ,  7523 ,  7529 , 16231 , 25237 , 43313 ,  7537 , 
16249 , 25243 ,  7541 , 16253 , 43319 ,  7547 , 25247 ,  7549 , 
 7559 , 43321 , 16267 ,  7561 , 25253 , 16273 ,  7573 , 43331 , 
 7577 , 25261 ,  7583 ,  7589 , 16301 ,  7591 , 16319 ,  7603 , 
 7607 , 16333 ,  7621 , 16339 , 25301 ,  7639 , 43391 ,  7643 , 
25303 , 16349 ,  7649 , 25307 , 43397 , 25309 , 43399 ,  7669 , 
16361 ,  7673 , 43403 , 16363 , 25321 ,  7681 ,  7687 , 16369 , 
43411 ,  7691 , 16381 ,  7699 , 25339 ,  7703 , 25343 , 43427 , 
 7717 , 25349 , 16411 ,  7723 , 16417 ,  7727 , 43441 , 16421 , 
25357 , 16427 ,  7741 , 43451 , 25367 , 16433 ,  7753 , 25373 , 
 7757 , 16447 , 43457 ,  7759 , 16451 , 25391 , 43481 , 16453 , 
 7789 ,  7793 , 25409 , 43487 , 25411 , 16477 ,  7817 , 25423 , 
16481 ,  7823 , 16487 , 43499 , 25439 ,  7829 , 16493 ,  7841 , 
25447 , 16519 ,  7853 , 43517 , 16529 ,  7867 , 25453 ,  7873 , 
16547 ,  7877 , 43541 , 25457 , 16553 ,  7879 ,  7883 , 25463 , 
16561 , 43543 , 25469 , 16567 ,  7901 , 25471 , 16573 ,  7907 , 
43573 ,  7919 , 43577 ,  7927 , 16603 ,  7933 , 43579 , 16607 , 
25523 ,  7937 , 16619 , 43591 , 25537 ,  7949 , 16631 ,  7951 , 
43597 , 25541 , 16633 ,  7963 , 43607 , 25561 , 16649 , 43609 , 
16651 , 25577 , 43613 ,  7993 , 25579 , 16657 , 25583 , 16661 , 
 8009 , 25589 ,  8011 , 43627 ,  8017 , 16673 , 43633 , 25601 , 
16691 ,  8039 , 25603 , 16693 , 43649 , 25609 ,  8053 , 16699 , 
43651 ,  8059 , 16703 , 25621 ,  8069 , 25633 ,  8081 , 43661 , 
16729 ,  8087 , 25639 ,  8089 , 25643 ,  8093 , 16741 , 43669 , 
 8101 , 16747 , 25657 ,  8111 ,  8117 , 16759 ,  8123 , 25667 , 
43691 , 16763 , 25673 ,  8147 , 25679 , 16787 ,  8161 ,  8167 , 
43711 , 25693 ,  8171 ,  8179 , 43717 , 16811 ,  8191 , 43721 , 
25703 , 16823 ,  8209 , 16829 , 25717 , 16831 ,  8219 ,  8221 , 
16843 , 25733 ,  8231 , 43753 , 25741 ,  8233 , 25747 , 16871 , 
43759 ,  8237 , 25759 , 16879 ,  8243 , 25763 , 16883 , 43777 , 
16889 , 25771 ,  8263 , 43781 ,  8269 , 16901 ,  8273 , 43783 , 
16903 ,  8287 , 25793 ,  8291 , 43787 , 16921 ,  8293 , 25799 , 
 8297 , 43789 , 25801 , 16927 ,  8311 , 43793 ,  8317 , 16931 , 
 8329 , 16937 , 43801 , 25819 ,  8353 , 16943 ,  8363 , 25841 , 
16963 ,  8369 , 25847 ,  8377 , 16979 , 25849 ,  8387 , 16981 , 
 8389 , 16987 , 43853 , 25867 , 16993 ,  8419 , 25873 ,  8423 , 
43867 ,  8429 , 17011 ,  8431 , 25889 , 17021 , 43889 ,  8443 , 
25903 ,  8447 , 17027 , 43891 , 17029 , 25913 ,  8461 , 17033 , 
25919 ,  8467 , 43913 , 25931 , 17041 , 25933 ,  8501 , 17047 , 
25939 ,  8513 , 17053 , 25943 ,  8521 , 43933 ,  8527 , 25951 , 
 8537 ,  8539 , 17077 , 43943 ,  8543 , 25969 , 17093 , 17099 , 
43951 , 25981 , 17107 ,  8563 , 25997 , 43961 ,  8573 , 17117 , 
 8581 , 43963 , 25999 ,  8597 ,  8599 , 43969 , 17123 ,  8609 , 
26003 , 43973 , 17137 ,  8623 , 26017 , 43987 ,  8627 , 17159 , 
26021 , 43991 ,  8629 , 17167 , 26029 , 43997 ,  8641 , 17183 , 
26041 , 17189 ,  8647 , 44017 , 17191 ,  8663 , 26053 ,  8669 , 
44021 , 17203 ,  8677 , 44027 , 17207 ,  8681 , 44029 , 26083 , 
17209 , 44041 ,  8689 ,  8693 , 26099 , 44053 ,  8699 , 26107 , 
17231 ,  8707 , 26111 , 44059 ,  8713 , 26113 , 17239 ,  8719 , 
26119 ,  8731 , 17257 ,  8737 , 44071 ,  8741 ,  8747 , 26141 , 
 8753 , 44087 , 17291 ,  8761 , 26153 , 17293 , 26161 , 44089 , 
 8779 ,  8783 ,  8803 ,  8807 ,  8819 ,  8821 ,  8831 ,  8837 , 
 8839 ,  8849 ,  8861 ,  8863 ,  8867 , 17299 ,  8887 , 32027 , 
 8893 ,  8923 ,  8929 ,  8933 , 17317 ,  8941 , 17321 ,  8951 , 
17327 , 17333 ,  8963 , 17341 ,  8969 , 17351 , 32029 ,  8971 , 
17359 ,  8999 ,  9001 , 32051 , 17377 ,  9007 , 32057 ,  9011 , 
 9013 , 17383 , 17387 , 32059 , 17389 ,  9029 , 32063 , 17393 , 
 9041 , 32069 ,  9043 , 17401 , 32077 , 17417 , 32083 , 44101 , 
 9049 , 17419 , 32089 , 44111 ,  9059 , 17431 ,  9067 , 32099 , 
17443 ,  9091 , 44119 , 17449 ,  9103 , 32117 ,  9109 , 44123 , 
17467 , 32119 ,  9127 , 17471 ,  9133 , 32141 , 44129 , 17477 , 
32143 ,  9137 , 44131 , 17483 , 32159 ,  9151 , 17489 ,  9157 , 
32173 , 17491 ,  9161 , 44159 , 17497 , 32183 ,  9173 , 44171 , 
 9181 , 17509 ,  9187 , 32189 ,  9199 ,  9203 , 32191 , 17519 , 
 9209 , 44179 , 32203 ,  9221 , 44189 ,  9227 , 32213 , 17539 , 
 9239 ,  9241 , 32233 , 17551 , 44201 ,  9257 , 32237 , 44203 , 
17569 , 17573 ,  9277 , 44207 , 17579 , 32251 ,  9281 ,  9283 , 
17581 , 44221 ,  9293 , 32257 , 17597 ,  9311 , 32261 , 17599 , 
 9319 , 17609 ,  9323 , 44249 ,  9337 ,  9341 , 32297 , 17623 , 
44257 ,  9343 , 17627 , 32299 ,  9349 , 44263 , 32303 ,  9371 , 
32309 , 44267 , 17657 , 44269 , 32321 , 17659 ,  9377 , 32323 , 
17669 , 32327 , 44273 ,  9391 , 17681 , 44279 , 32341 ,  9397 , 
44281 , 17683 , 32353 ,  9403 , 32359 , 17707 , 32363 , 44293 , 
 9413 , 32369 , 17713 , 32371 ,  9419 , 17729 , 32377 ,  9421 , 
17737 ,  9431 , 32381 ,  9433 ,  9437 , 44351 , 17747 ,  9439 , 
17749 , 44357 ,  9461 , 17761 ,  9463 , 32401 , 44371 ,  9467 , 
 9473 , 32411 , 17783 ,  9479 , 32413 , 44381 ,  9491 , 17789 , 
 9497 , 44383 , 32423 ,  9511 , 17791 , 44389 ,  9521 , 32429 , 
17807 ,  9533 ,  9539 , 32441 ,  9547 , 44417 , 17827 ,  9551 , 
32443 , 17837 , 17839 , 32467 ,  9587 , 44449 , 17851 , 32479 , 
44453 , 17863 ,  9601 , 32491 , 32497 , 17881 ,  9613 , 32503 , 
17891 , 32507 ,  9619 , 44483 , 17903 ,  9623 , 17909 , 44491 , 
 9629 , 17911 ,  9631 , 32531 , 17921 ,  9643 , 17923 , 44497 , 
 9649 , 32533 , 17929 ,  9661 , 32537 , 44501 , 17939 ,  9677 , 
32561 ,  9679 , 44507 , 32563 ,  9689 , 17957 ,  9697 , 32569 , 
17959 , 44519 , 32573 ,  9719 , 17971 ,  9721 , 32579 , 17977 , 
17981 ,  9733 , 44531 , 17987 , 32587 ,  9739 ,  9743 , 17989 , 
44533 ,  9749 , 44537 , 32603 ,  9767 , 18013 ,  9769 , 44543 , 
32609 ,  9781 , 44549 ,  9787 , 18041 , 32611 , 18043 ,  9791 , 
44563 , 18047 , 32621 , 18049 ,  9803 , 44579 ,  9811 , 18059 , 
32633 ,  9817 , 44587 , 18061 ,  9829 ,  9833 ,  9839 , 18077 , 
32647 ,  9851 , 44617 ,  9857 , 18089 , 44621 ,  9859 , 32653 , 
18097 , 44623 ,  9871 ,  9883 , 44633 ,  9887 , 32687 , 44641 , 
18119 , 44647 ,  9901 ,  9907 , 18121 , 44651 , 32693 , 18127 , 
 9923 , 18131 ,  9929 , 44657 , 18133 , 32707 ,  9931 , 18143 , 
 9941 , 18149 , 32713 ,  9949 , 44683 ,  9967 , 18169 ,  9973 , 
44687 , 32717 , 18181 , 44699 , 32719 , 18191 , 44701 , 18199 , 
32749 , 44711 , 18211 , 32771 , 18217 , 32779 , 44729 , 32783 , 
18223 , 32789 , 44741 , 32797 , 18229 , 32801 , 18233 , 32803 , 
44753 , 18251 , 32831 , 18253 , 32833 , 18257 , 32839 , 44771 , 
32843 , 18269 , 44773 , 32869 , 44777 , 18287 , 18289 , 44789 , 
32887 , 18301 , 44797 , 18307 , 32909 , 18311 , 44809 , 32911 , 
18313 , 32917 , 44819 , 32933 , 18329 , 32939 , 18341 , 32941 , 
44839 , 18353 , 32957 , 44843 , 18367 , 32969 , 18371 , 44851 , 
32971 , 18379 , 32983 , 44867 , 32987 , 18397 , 44879 , 32993 , 
18401 , 44887 , 32999 , 44893 , 33013 , 18413 , 18427 , 33023 , 
44909 , 18433 , 33029 , 33037 , 44917 , 18439 , 33049 , 18443 , 
44927 , 33053 , 18451 , 18457 , 33071 , 18461 , 33073 , 44939 , 
33083 , 18481 , 33091 , 44953 , 18493 , 33107 , 44959 , 18503 , 
33113 , 44963 , 33119 , 18517 , 18521 , 33149 , 44971 , 33151 , 
18523 , 33161 , 44983 , 33179 , 18539 , 33181 , 44987 , 18541 , 
33191 , 18553 , 33199 , 45007 , 33203 , 18583 , 33211 , 18587 , 
45013 , 33223 , 18593 , 18617 , 33247 , 45053 , 18637 , 45061 , 
33287 , 45077 , 18661 , 33289 , 18671 , 33301 , 45083 , 33311 , 
18679 , 33317 , 18691 , 33329 , 18701 , 33331 , 33343 , 18713 , 
33347 , 45119 , 33349 , 18719 , 33353 , 45121 , 33359 , 18731 , 
45127 , 33377 , 18743 , 45131 , 45137 , 18749 , 33391 , 45139 , 
18757 , 33403 , 33409 , 33413 , 45161 , 18773 , 33427 , 18787 , 
18793 , 33457 , 45179 , 33461 , 45181 , 18797 , 45191 , 33469 , 
18803 , 45197 , 33479 , 33487 , 18839 , 33493 , 45233 , 33503 , 
18859 , 45247 , 33521 , 18869 , 33529 , 45259 , 33533 , 45263 , 
33547 , 18899 , 33563 , 45281 , 18911 , 33569 , 18913 , 45289 , 
33577 , 18917 , 33581 , 45293 , 33587 , 18919 , 33589 , 45307 , 
33599 , 18947 , 33601 , 18959 , 45317 , 33613 , 33617 , 45319 , 
18973 , 33619 , 18979 , 33623 , 45329 , 33629 , 19001 , 45337 , 
33637 , 33641 , 45341 , 19009 , 33647 , 45343 , 19013 , 19031 , 
33679 , 19037 , 45361 , 33703 , 45377 , 19051 , 33713 , 45389 , 
33721 , 19069 , 19073 , 33739 , 45403 , 19079 , 19081 , 33749 , 
19087 , 33751 , 45413 , 33757 , 33767 , 45427 , 33769 , 19121 , 
33773 , 19139 , 33791 , 45433 , 19141 , 33797 , 33809 , 45439 , 
19157 , 33811 , 19163 , 33827 , 19181 , 33829 , 45481 , 19183 , 
45491 , 33851 , 19207 , 45497 , 33857 , 19211 , 33863 , 19213 , 
45503 , 33871 , 19219 , 33889 , 45523 , 33893 , 19231 , 33911 , 
45533 , 19237 , 33923 , 45541 , 19249 , 33931 , 19259 , 33937 , 
45553 , 19267 , 33941 , 45557 , 19273 , 33961 , 45569 , 19289 , 
33967 , 19301 , 33997 , 45587 , 19309 , 34019 , 45589 , 19319 , 
34031 , 34033 , 19333 , 45599 , 34039 , 45613 , 34057 , 34061 , 
19373 , 19379 , 45631 , 19381 , 19387 , 45641 , 19391 , 19403 , 
34123 , 34127 , 19417 , 34129 , 45659 , 19421 , 34141 , 45667 , 
34147 , 19423 , 34157 , 19427 , 34159 , 45673 , 19429 , 19433 , 
34171 , 45677 , 19441 , 34183 , 19447 , 45691 , 45697 , 19457 , 
34211 , 19463 , 45707 , 34213 , 19469 , 34217 , 19471 , 34231 , 
19477 , 45737 , 19483 , 34253 , 19489 , 34259 , 34261 , 45751 , 
19501 , 34267 , 45757 , 34273 , 19507 , 34283 , 45763 , 19531 , 
34297 , 45767 , 19541 , 34301 , 34303 , 19543 , 45779 , 34313 , 
34319 , 19553 , 34327 , 19559 , 34337 , 45817 , 19571 , 34351 , 
19577 , 45821 , 19583 , 34361 , 45823 , 19597 , 45827 , 34367 , 
45833 , 19603 , 34369 , 45841 , 19609 , 34381 , 45853 , 45863 , 
19661 , 34403 , 45869 , 34421 , 19681 , 45887 , 19687 , 34429 , 
45893 , 19697 , 34439 , 19699 , 19709 , 34457 , 19717 , 34469 , 
19727 , 34471 , 45943 , 34483 , 19739 , 45949 , 34487 , 19751 , 
34499 , 45953 , 19753 , 34501 , 19759 , 34511 , 45959 , 34513 , 
19763 , 34519 , 45971 , 34537 , 19777 , 34543 , 45979 , 19793 , 
34549 , 45989 , 19801 , 19813 , 19819 , 34583 , 34589 , 34591 , 
46021 , 19841 , 34603 , 19843 , 46027 , 34607 , 34613 , 19853 , 
19861 , 34631 , 19867 , 46049 , 34649 , 34651 , 46051 , 19889 , 
34667 , 46061 , 19891 , 34673 , 34679 , 46073 , 19913 , 34687 , 
19919 , 46091 , 34693 , 19927 , 46093 , 34703 , 19937 , 46099 , 
34721 , 19949 , 46103 , 34729 , 19961 , 34739 , 19963 , 34747 , 
19973 , 34757 , 46133 , 19979 , 34759 , 19991 , 46141 , 34763 , 
19993 , 46147 , 19997 , 34781 , 46153 , 34807 , 46171 , 34819 , 
46181 , 34841 , 46183 , 34843 , 46187 , 34847 , 46199 , 34849 , 
34871 , 46219 , 34877 , 46229 , 34883 , 46237 , 34897 , 34913 , 
34919 , 46261 , 46271 , 46273 , 34939 , 46279 , 26171 , 34949 , 
46301 , 26177 , 34961 , 46307 , 26183 , 34963 , 46309 , 26189 , 
34981 , 46327 , 26203 , 46337 , 26209 , 35023 , 35027 , 46349 , 
26227 , 46351 , 26237 , 35051 , 35053 , 26249 , 35059 , 26251 , 
35069 , 26261 , 35081 , 26263 , 46381 , 35083 , 26267 , 35089 , 
46399 , 35099 , 35107 , 46411 , 26293 , 35111 , 26297 , 35117 , 
46439 , 26309 , 35129 , 46441 , 26317 , 35141 , 46447 , 26321 , 
35149 , 46451 , 35153 , 26339 , 35159 , 46457 , 26347 , 35171 , 
26357 , 46471 , 46477 , 35201 , 26371 , 35221 , 46489 , 26387 , 
35227 , 26393 , 46499 , 26399 , 46507 , 35251 , 26407 , 35257 , 
46511 , 26417 , 35267 , 26423 , 35279 , 26431 , 35281 , 46523 , 
26437 , 35291 , 35311 , 26449 , 35317 , 46549 , 26459 , 35323 , 
35327 , 46559 , 26479 , 35339 , 46567 , 35353 , 26489 , 35363 , 
46573 , 26497 , 26501 , 35381 , 46589 , 26513 , 35393 , 46591 , 
35401 , 35407 , 46601 , 26539 , 35419 , 35423 , 46619 , 26557 , 
35437 , 26561 , 46633 , 35447 , 35449 , 46639 , 35461 , 26573 , 
46643 , 46649 , 46663 , 46679 , 46681 , 46687 , 46691 , 46703 , 
46723 , 46727 , 46747 , 46751 , 46757 , 46769 , 46771 , 46807 , 
46811 , 46817 , 46819 , 46829 , 46831 , 46853 , 46861 , 46867 , 
46877 , 46889 , 46901 , 46919 , 46933 , 46957 , 26591 , 46993 , 
46997 , 47017 , 26597 , 47041 , 47051 , 26627 , 47057 , 26633 , 
35491 , 47059 , 26641 , 35507 , 26647 , 35509 , 35521 , 26669 , 
47087 , 35527 , 47093 , 35531 , 26681 , 35533 , 47111 , 26683 , 
35537 , 35543 , 26687 , 47119 , 26693 , 35569 , 47123 , 35573 , 
26699 , 35591 , 47129 , 26701 , 35593 , 26711 , 35597 , 47137 , 
26713 , 35603 , 26717 , 47143 , 35617 , 26723 , 47147 , 26729 , 
47149 , 26731 , 26737 , 47161 , 35671 , 35677 , 26759 , 47189 , 
26777 , 35729 , 35731 , 26783 , 47207 , 35747 , 35753 , 35759 , 
47221 , 35771 , 26801 , 35797 , 35801 , 26813 , 35803 , 47237 , 
26821 , 35809 , 35831 , 26833 , 47251 , 35837 , 35839 , 26839 , 
35851 , 26849 , 35863 , 35869 , 47269 , 26861 , 35879 , 26863 , 
47279 , 35897 , 35899 , 47287 , 35911 , 26879 , 35923 , 47293 , 
26881 , 35933 , 47297 , 26891 , 35951 , 47303 , 26893 , 35963 , 
47309 , 35969 , 26903 , 35977 , 47317 , 35983 , 26921 , 35993 , 
35999 , 26927 , 47339 , 36007 , 36011 , 36013 , 26947 , 36017 , 
47351 , 26951 , 47353 , 26953 , 36037 , 26959 , 47363 , 36061 , 
36067 , 36073 , 47381 , 26981 , 36083 , 47387 , 26987 , 36097 , 
47389 , 36107 , 36109 , 26993 , 36131 , 36137 , 47407 , 27011 , 
36151 , 27017 , 36161 , 47417 , 36187 , 36191 , 47419 , 27031 , 
36209 , 27043 , 36217 , 47431 , 36229 , 27059 , 47441 , 36241 , 
27061 , 36251 , 27067 , 47459 , 36263 , 27073 , 36269 , 36277 , 
27077 , 36293 , 36299 , 27091 , 36307 , 36313 , 47491 , 36319 , 
27103 , 47497 , 36341 , 36343 , 27107 , 47501 , 27109 , 36353 , 
47507 , 36373 , 27127 , 36383 , 27143 , 47513 , 36389 , 47521 , 
36433 , 47527 , 27179 , 36451 , 36457 , 47533 , 36467 , 27191 , 
36469 , 36473 , 27197 , 36479 , 47543 , 27211 , 36493 , 36497 , 
47563 , 27239 , 36523 , 36527 , 27241 , 47569 , 36529 , 27253 , 
36541 , 36551 , 47581 , 27259 , 36559 , 36563 , 47591 , 36571 , 
27271 , 47599 , 36583 , 27277 , 36587 , 36599 , 27281 , 47609 , 
36607 , 27283 , 36629 , 27299 , 47623 , 36637 , 36643 , 27329 , 
36653 , 47629 , 27337 , 36671 , 36677 , 47639 , 36683 , 27361 , 
36691 , 27367 , 47653 , 36697 , 36709 , 47657 , 36713 , 36721 , 
47659 , 27397 , 36739 , 36749 , 47681 , 27407 , 36761 , 36767 , 
27409 , 36779 , 47699 , 36781 , 27427 , 36787 , 47701 , 36791 , 
27431 , 36793 , 47711 , 27437 , 36809 , 47713 , 27449 , 36821 , 
47717 , 36833 , 27457 , 36847 , 47737 , 36857 , 27479 , 47741 , 
36871 , 47743 , 27481 , 36877 , 36887 , 27487 , 36899 , 47777 , 
36901 , 36913 , 47779 , 36919 , 27509 , 36923 , 36929 , 47791 , 
36931 , 27527 , 36943 , 27529 , 36947 , 47797 , 36973 , 47807 , 
27539 , 36979 , 47809 , 27541 , 36997 , 27551 , 47819 , 37003 , 
37013 , 37019 , 47837 , 37021 , 27581 , 47843 , 37039 , 27583 , 
37049 , 37057 , 37061 , 47857 , 27611 , 27617 , 37087 , 47869 , 
37097 , 27631 , 47881 , 37117 , 37123 , 27647 , 37139 , 27653 , 
47903 , 37159 , 37171 , 47911 , 27673 , 37181 , 47917 , 37189 , 
27689 , 37199 , 37201 , 27691 , 47933 , 37217 , 47939 , 37223 , 
27697 , 37243 , 27701 , 47947 , 37253 , 47951 , 37273 , 27733 , 
37277 , 27737 , 47963 , 37307 , 27739 , 37309 , 47969 , 27743 , 
37313 , 37321 , 27749 , 47977 , 27751 , 37337 , 47981 , 37339 , 
27763 , 27767 , 37357 , 37361 , 27773 , 37363 , 27779 , 37369 , 
48017 , 37379 , 27791 , 37397 , 48023 , 27793 , 27799 , 48029 , 
37409 , 27803 , 37423 , 27809 , 37441 , 48049 , 27817 , 37447 , 
37463 , 27823 , 48073 , 27827 , 37483 , 37489 , 37493 , 27847 , 
48079 , 37501 , 27851 , 37507 , 48091 , 37511 , 37517 , 37529 , 
27883 , 48109 , 37537 , 37547 , 48119 , 37549 , 27893 , 48121 , 
37561 , 27901 , 37567 , 48131 , 37571 , 37573 , 27917 , 37579 , 
37589 , 27919 , 48157 , 37591 , 37607 , 27941 , 48163 , 37619 , 
27943 , 37633 , 27947 , 48179 , 37643 , 48187 , 37649 , 27953 , 
37657 , 48193 , 37663 , 27961 , 48197 , 27967 , 37691 , 37693 , 
37699 , 27983 , 48221 , 37717 , 27997 , 37747 , 28001 , 48239 , 
48247 , 37781 , 28019 , 37783 , 48259 , 28027 , 37799 , 28031 , 
48271 , 37811 , 37813 , 48281 , 28051 , 37831 , 28057 , 37847 , 
48299 , 28069 , 37853 , 37861 , 48311 , 37871 , 28081 , 48313 , 
37879 , 28087 , 37889 , 37897 , 28097 , 28099 , 48337 , 37907 , 
48341 , 48353 , 28109 , 37951 , 37957 , 28111 , 37963 , 48371 , 
37967 , 28123 , 37987 , 48383 , 37991 , 28151 , 37993 , 37997 , 
48397 , 28163 , 38011 , 48407 , 28181 , 38039 , 48409 , 28183 , 
38047 , 48413 , 38053 , 38069 , 48437 , 28201 , 38083 , 28211 , 
38113 , 48449 , 38119 , 28219 , 38149 , 28229 , 38153 , 48463 , 
38167 , 38177 , 48473 , 38183 , 28277 , 38189 , 48479 , 28279 , 
38197 , 48481 , 28283 , 38201 , 28289 , 38219 , 48487 , 28297 , 
38231 , 38237 , 48491 , 28307 , 38239 , 28309 , 48497 , 38261 , 
28319 , 38273 , 38281 , 38287 , 48523 , 28349 , 38299 , 28351 , 
48527 , 38303 , 38317 , 48533 , 38321 , 38327 , 48539 , 38329 , 
28387 , 38333 , 48541 , 28393 , 38351 , 38371 , 28403 , 48563 , 
38377 , 28409 , 38393 , 48571 , 28411 , 48589 , 38431 , 28429 , 
48593 , 38447 , 38449 , 28433 , 38453 , 48611 , 28439 , 38459 , 
38461 , 28447 , 48619 , 48623 , 38501 , 28463 , 48647 , 28477 , 
38543 , 48649 , 38557 , 38561 , 28493 , 48661 , 28499 , 38567 , 
28513 , 38569 , 48673 , 28517 , 38593 , 48677 , 38603 , 38609 , 
28537 , 48679 , 38611 , 28541 , 38629 , 28547 , 38639 , 28549 , 
38651 , 38653 , 28559 , 38669 , 28571 , 38671 , 38677 , 28573 , 
48731 , 38693 , 28579 , 48733 , 38699 , 38707 , 28591 , 38711 , 
48751 , 28597 , 38713 , 48757 , 38723 , 28603 , 38729 , 48761 , 
28607 , 38737 , 38747 , 48767 , 28619 , 38749 , 38767 , 48779 , 
28621 , 38783 , 28627 , 38791 , 48781 , 28631 , 38803 , 48787 , 
28643 , 38821 , 38833 , 28649 , 48799 , 38839 , 28657 , 38851 , 
48809 , 38861 , 28661 , 38867 , 28663 , 38873 , 48817 , 38891 , 
28669 , 48821 , 38903 , 28687 , 48823 , 38917 , 38921 , 28697 , 
38923 , 38933 , 28703 , 48847 , 38953 , 28711 , 48857 , 38959 , 
28723 , 38971 , 48859 , 38977 , 28729 , 38993 , 48869 , 28751 , 
39019 , 48871 , 28753 , 39023 , 39041 , 48883 , 28759 , 39043 , 
39047 , 48889 , 28771 , 39079 , 28789 , 39089 , 48907 , 28793 , 
39097 , 39103 , 39107 , 28807 , 39113 , 39119 , 28813 , 39133 , 
28817 , 48947 , 39139 , 39157 , 48953 , 39161 , 28837 , 39163 , 
39181 , 28843 , 48973 , 39191 , 28859 , 39199 , 48989 , 28867 , 
39209 , 48991 , 28871 , 39217 , 49003 , 39227 , 28879 , 39229 , 
49009 , 39233 , 39239 , 39241 , 49019 , 28901 , 39251 , 49031 , 
28909 , 49033 , 39293 , 49037 , 39301 , 28921 , 39313 , 49043 , 
39317 , 28927 , 39323 , 28933 , 49057 , 39341 , 39343 , 28949 , 
39359 , 49069 , 39367 , 28961 , 39371 , 49081 , 39373 , 39383 , 
28979 , 39397 , 49103 , 39409 , 39419 , 49109 , 29009 , 39439 , 
49117 , 29017 , 39443 , 29021 , 39451 , 49121 , 29023 , 49123 , 
39461 , 29027 , 49139 , 29033 , 39499 , 39503 , 39509 , 49157 , 
39511 , 29059 , 39521 , 29063 , 39541 , 49169 , 29077 , 39551 , 
49171 , 39563 , 49177 , 39569 , 29101 , 39581 , 29123 , 39607 , 
49193 , 29129 , 39619 , 29131 , 49199 , 39623 , 39631 , 29137 , 
49201 , 39659 , 49207 , 39667 , 29147 , 39671 , 49211 , 39679 , 
29153 , 39703 , 49223 , 29167 , 39709 , 29173 , 39719 , 39727 , 
29179 , 39733 , 49253 , 39749 , 29191 , 39761 , 29201 , 49261 , 
39769 , 39779 , 29207 , 39791 , 49277 , 29209 , 39799 , 49279 , 
39821 , 29221 , 39827 , 49297 , 39829 , 29231 , 39839 , 49307 , 
39841 , 29243 , 39847 , 29251 , 39857 , 39863 , 29269 , 49331 , 
39869 , 39877 , 49333 , 39883 , 29287 , 39887 , 49339 , 29297 , 
39901 , 29303 , 49363 , 39929 , 29311 , 49367 , 39937 , 49369 , 
39953 , 29327 , 39971 , 29333 , 39979 , 39983 , 29339 , 49391 , 
39989 , 29347 , 49393 , 29363 , 49409 , 29383 , 49411 , 29387 , 
49417 , 29389 , 49429 , 29399 , 29401 , 49433 , 29411 , 29423 , 
49451 , 29429 , 49459 , 29437 , 49463 , 29443 , 29453 , 49477 , 
49481 , 29473 , 29483 , 49499 , 29501 , 49523 , 49529 , 29527 , 
29531 , 49531 , 29537 , 49537 , 49547 , 29567 , 49549 , 29569 , 
29573 , 49559 , 29581 , 29587 , 29599 , 49597 , 29611 , 49603 , 
29629 , 29633 , 49613 , 29641 , 49627 , 49633 , 29663 , 49639 , 
29669 , 29671 , 49663 , 29683 , 49667 , 49669 , 29717 , 49681 , 
29723 , 49697 , 29741 , 49711 , 29753 , 49727 , 29759 , 29761 , 
49739 , 49741 , 49747 , 49757 , 49783 , 49787 , 49789 , 49801 , 
29789 , 49807 , 49811 , 29803 , 49823 , 29819 , 49831 , 29833 , 
29837 , 49843 , 29851 , 49853 , 29863 , 29867 , 49871 , 29873 , 
29879 , 49877 , 29881 , 49891 , 29917 , 29921 , 49919 , 29927 , 
49921 , 49927 , 29947 , 49937 , 49939 , 29959 , 49943 , 29983 , 
49957 , 29989 , 49991 , 49993 , 49999 , 
Prime number search completed.
